-1.443700 -0.591460  520.82640  520.76640 1421.43560 1425.09320 60557.73800 60554.14040  259.72080   80.15200 5909.68400   80.15200  128.14560 16870.87520 5909.68400 16870.87520 703890.71120
-1.362267 -0.595183  497.14160  496.41240 2607.16080 2603.22000 59395.69760 59400.36760  239.17840  141.97720 5580.16840  141.97720  441.05600 30679.25160 5580.16840 30679.25160 676516.97120
-1.306200 -0.596711  463.63120  463.29000 3787.85760 3783.91480 58248.51120 58252.79520  211.64080  197.45720 5152.42920  197.45720  956.32320 44276.85400 5152.42920 44276.85400 649578.55520
-1.266617 -0.602639  449.96200  450.21920 4958.10080 4958.04240 57091.93720 57091.73840  204.06720  255.93680 4941.08320  255.93680 1677.97040 57562.95200 4941.08320 57562.95200 622598.01840
-1.231760 -0.607213  430.52600  429.58360 6146.67920 6136.58040 55922.79480 55933.83600  189.55840  309.12320 4661.97600  309.12320 2635.67360 70754.76080 4661.97600 70754.76080 595723.04800
-1.193900 -0.606375  386.95320  386.59520 7399.28280 7397.93880 54713.76400 54715.46600  156.92880  343.85240 4140.50920  343.85240 3913.65280 84525.82440 4140.50920 84525.82440 567909.04640
-1.168617 -0.613157  376.51880  376.23480 8577.71400 8566.10360 53545.76720 53557.66160  150.72160  396.17600 3969.62400  396.17600 5358.09200 97108.63760 3969.62400 97108.63760 541542.31120
-1.148725 -0.623860  378.99680  378.42120 9756.35720 9756.37480 52364.64600 52365.20400  154.48560  460.43840 3929.58400  460.43840 7084.82480 109531.12880 3929.58400 109531.12880 514918.38720
-1.120557 -0.624475  344.21680  344.20760 10938.46720 10935.75960 51217.31600 51220.03280  130.08240  478.43800 3522.02600  478.43800 9059.98640 121706.93640 3522.02600 121706.93640 489395.13040
-1.101314 -0.633322  338.48240  338.41960 12118.55520 12122.08360 50042.96240 50039.49680  126.96160  531.27280 3403.17760  531.27280 11314.05600 133598.50400 3403.17760 133598.50400 463493.07360
-1.075400 -0.634562  308.29040  308.77760 13295.61400 13320.38040 48896.09560 48870.84200  107.29040  541.01680 3054.10080  541.01680 13839.34400 145315.60560 3054.10080 145315.60560 438231.91920
-1.056360 -0.642282  297.11200  298.21280 14471.78280 14528.24600 47731.10520 47673.54120  100.38160  576.76200 2894.80520  576.76200 16617.50160 156805.90920 2894.80520 156805.90920 412727.16400
-1.037100 -0.648927  285.08560  284.31320 15667.06280 15681.18360 46547.85160 46534.50320   93.42080  604.84280 2718.12920  604.84280 19597.41360 167887.22200 2718.12920 167887.22200 387888.77760
-1.019400 -0.656850  274.27560  274.75320 16840.55480 16864.20240 45385.16960 45361.04440   87.71360  636.76080 2569.69840  636.76080 22748.47280 178843.30960 2569.69840 178843.30960 363064.27600
-0.998325 -0.660335  253.09560  252.78880 18004.34600 18017.11320 44242.55840 44230.09800   76.21280  634.89880 2324.19480  634.89880 25903.34080 189590.51560 2324.19480 189590.51560 338921.22800
-0.985025 -0.669976  247.35800  249.13880 19044.71800 19165.40480 43207.92400 43085.45640   73.99600  665.79520 2239.18960  665.79520 28847.15760 199747.78400 2239.18960 199747.78400 315773.30880
-0.967600 -0.672368  230.47360  230.04040 19983.32120 20216.89600 42286.20520 42053.06360   64.36560  650.78560 2047.93280  650.78560 31107.19200 209443.32560 2047.93280 209443.32560 294544.35440
-0.954825 -0.677296  248.64080  178.17040 30913.38040 11769.49400 31337.97880 50552.33560   55.21440  616.37120 1889.28160  616.37120 30137.22000 225343.65520 1889.28160 225343.65520 264108.94960
-0.947550 -0.686936  254.21560  149.17320 38238.56480 7196.23720 24007.21960 55154.58960   50.40880  584.30440 1785.61960  584.30440 26708.69680 245315.81080 1785.61960 245315.81080 227869.42480
-0.932800 -0.692154  236.34920  125.31960 42871.70600 5199.31240 19391.94480 57175.36800   40.55520  534.13640 1595.32120  534.13640 24234.65120 263657.32280 1595.32120 263657.32280 194151.23280
-0.915900 -0.697453  214.87280  108.52600 46366.27360 4108.52320 15918.85360 58282.95080   33.48240  493.62040 1413.29000  493.62040 22702.85440 279652.30600 1413.29000 279652.30600 164145.23040
-0.899000 -0.707098  194.53080   98.41280 49479.15520 3388.71400 12826.31400 59012.87320   28.08080  475.50840 1254.07240  475.50840 21758.31520 294973.39160 1254.07240 294973.39160 134807.65920
-0.888450 -0.729336  186.45240   99.96760 52293.94800 2956.43560 10019.59960 59443.59680   28.18800  510.39400 1179.93800  510.39400 21732.11520 309259.79240 1179.93800 309259.79240 106339.44800
-0.869400 -0.751485  167.72280  100.81440 54858.25520 2771.64880 7474.02200 59627.53680   26.06960  542.89240 1042.26120  542.89240 23059.09600 322177.43560 1042.26120 322177.43560 79389.65600
-0.837300 -0.772507  137.09120  101.36080 57041.70160 2967.15280 5321.20720 59431.48640   21.96560  574.85680  833.88960  574.85680 27458.50960 332019.76000  833.88960 332019.76000 55662.51200
-0.801978 -0.802019  112.21520  112.33040 58648.36440 3741.67960 3739.42040 58645.99000   20.00800  663.63960  663.62600  663.63960 37530.27520 336146.34920  663.62600 336146.34920 37502.48720
-0.776900 -0.841783  105.31160  142.33040 59430.96160 5318.21760 2963.72680 57039.45200   23.60000  866.03960  596.21240  866.03960 55640.70000 331988.33560  596.21240 331988.33560 27434.52480
-0.751700 -0.869603  101.13760  167.83560 59618.46880 7487.00280 2780.39360 54845.16160   26.02160 1043.12960  544.68800 1043.12960 79492.72560 322096.97440  544.68800 322096.97440 23111.66880
-0.713817 -0.873368   86.26720  162.39400 59467.63000 10036.87520 2946.10280 52300.73080   20.81680 1029.48080  441.66960 1029.48080 106618.36400 309379.18640  441.66960 309379.18640 21660.14560
-0.707700 -0.899657   98.71280  194.63360 59024.61720 12815.30320 3376.67000 49490.06320   28.16160 1255.31440  476.60240 1255.31440 134755.81200 295028.39600  476.60240 295028.39600 21695.40080
-0.701086 -0.919438  112.57880  220.39560 58272.35160 15918.22680 4115.06960 46361.37760   35.43680 1451.33920  511.07040 1451.33920 164074.36160 279617.76960  511.07040 279617.76960 22729.84320
-0.694810 -0.935529  129.51200  242.65320 57158.69040 19419.07400 5211.79760 42838.27280   43.45040 1638.90200  550.63880 1638.90200 194349.98160 263477.70280  550.63880 263477.70280 24272.08080
-0.684933 -0.945367  145.44200  250.70120 55227.12840 23889.15360 7127.42960 38360.14520   48.12800 1756.96760  571.76360 1756.96760 227187.03040 245753.69400  571.76360 245753.69400 26599.99120
-0.679743 -0.957144  180.78840  254.19760 50685.83920 31159.66880 11633.37240 31086.13360   57.81280 1923.81520  628.28800 1923.81520 263462.41600 225686.81680  628.28800 225686.81680 30001.93120
-0.670386 -0.965246  225.47320  224.67280 42053.25960 42257.97680 20221.26720 20017.35040   61.26480 2003.16920  636.44200 2003.16920 294202.03360 209662.21560  636.44200 209662.21560 31133.04800
-0.669000 -0.983767  245.81320  246.14960 43224.89520 43048.25600 19029.29160 19205.59440   72.70640 2219.06920  660.00120 2219.06920 315546.36720 199873.47080  660.00120 199873.47080 28875.84400
-0.661378 -0.999283  256.93280  255.42800 44145.52640 44313.44320 18097.54080 17931.12880   77.35600 2354.12000  642.68880 2354.12000 338761.30000 189638.39760  642.68880 189638.39760 25890.93120
-0.655725 -1.018253  271.89520  271.12720 45381.94600 45364.16520 16846.15880 16864.70760   86.10560 2542.10280  629.92600 2542.10280 363042.60160 178891.96280  629.92600 178891.96280 22743.30960
-0.648900 -1.037026  284.06360  284.41040 46540.21680 46543.38080 15675.71960 15672.20880   93.15360 2711.43480  606.25560 2711.43480 387895.47280 167894.67800  606.25560 167894.67800 19586.63680
-0.637238 -1.051562  283.22240  284.19640 47732.92880 47712.77960 14483.84880 14503.02400   91.78320 2761.89520  550.83440 2761.89520 413147.29120 156765.06400  550.83440 156765.06400 16605.33840
-0.635378 -1.076121  310.75000  310.66680 48883.86280 48870.06840 13305.38720 13319.26480  109.03680 3074.92120  544.54280 3074.92120 438087.92400 145360.74200  544.54280 145360.74200 13842.62720
-0.629280 -1.097341  325.19800  325.85680 50056.74400 50043.85080 12118.05800 12130.29240  117.41360 3277.68560  511.22960 3277.68560 463662.29440 133663.58880  511.22960 133663.58880 11315.28400
-0.621778 -1.117730  334.78400  334.87320 51226.81880 51208.93160 10938.39720 10956.19520  123.24560 3428.53320  466.16440 3428.53320 489363.67760 121822.29160  466.16440 121822.29160 9079.09840
-0.619300 -1.144238  361.27800  361.07600 52394.98800 52366.47960 9743.73400 9772.44440  140.63840 3753.87560  439.61000 3753.87560 515239.26480 109575.66520  439.61000 109575.66520 7081.79520
-0.613622 -1.169027  377.99960  378.01720 53554.20400 53551.68760 8567.79640 8570.29520  150.65760 3988.31160  397.13160 3988.31160 541579.30000 97067.73800  397.13160 97067.73800 5363.68000
-0.609213 -1.196885  397.94400  397.63840 54710.49720 54718.17280 7391.55880 7384.18880  164.86240 4255.48360  353.14840 4255.48360 567918.74160 84397.79480  353.14840 84397.79480 3903.54240
-0.604588 -1.229072  418.34200  419.89400 55935.47560 55932.81080 6146.18240 6147.29520  179.00480 4548.01880  302.39240 4548.01880 595839.31360 70822.38600  302.39240 70822.38600 2636.08720
-0.601856 -1.265562  447.14560  447.26480 57090.21720 57088.49680 4962.63720 4964.23840  201.88000 4909.14520  255.43720 4909.14520 622540.21200 57622.92680  255.43720 57622.92680 1682.88960
-0.600740 -1.309911  481.63160  482.37800 58228.44320 58227.82680 3789.92520 3789.79520  229.72400 5349.31080  205.02280 5349.31080 649073.25840 44315.05080  205.02280 44315.05080  958.24880
-0.595075 -1.362351  496.72200  497.28360 59400.84920 59400.89400 2602.42880 2601.82240  240.05040 5581.64400  142.33920 5581.64400 676585.35920 30643.45600  142.33920 30643.45600  439.71200
